胡桃|护摩之杖|追忆4|生火暴              0.16      0.14      0.00      0.49      0.29      0.00      1.00      0.00      0.92      0.72      
胡桃|护摩之杖|追忆4|精火暴              0.20      0.17      0.00      0.62      0.37      0.00      0.68      0.00      1.00      0.78      
胡桃|匣里灭辰|追忆4|生火暴              0.18      0.20      0.00      0.55      0.33      0.00      0.64      0.00      0.85      1.00      
胡桃|匣里灭辰|追忆4|精火暴              0.21      0.23      0.00      0.65      0.39      0.00      0.45      0.00      0.85      1.00      
胡桃|护摩之杖|魔女4|生火暴              0.18      0.15      0.00      0.55      0.32      0.00      0.96      0.00      1.00      0.78      
胡桃|护摩之杖|魔女4|精火暴              0.21      0.18      0.00      0.64      0.38      0.00      0.62      0.00      1.00      0.78      
胡桃|匣里灭辰|魔女4|生火暴              0.19      0.21      0.00      0.57      0.35      0.00      0.58      0.00      0.85      1.00      
胡桃|匣里灭辰|魔女4|精火暴              0.22      0.24      0.00      0.67      0.41      0.00      0.42      0.00      0.85      1.00      
托马|西风长枪|2旗印2千岩|充生暴         0.48      0.00      0.00      0.98      0.00      0.00      0.00      1.00      0.00      0.00      
托马|黑缨枪|2旗印2千岩|充生生           0.32      0.00      0.00      0.65      0.00      0.00      0.00      1.00      0.00      0.00      
宵宫|飞雷之弦振|追忆4|攻火暴            0.00      0.29      0.00      0.00      0.81      0.00      0.00      0.00      1.00      0.94      
宵宫|弓藏|追忆4|攻火暴                  0.00      0.26      0.00      0.00      0.66      0.00      0.00      0.00      0.85      1.00      
烟绯|四风原典|乐团4|攻火暴              0.00      0.35      0.00      0.00      0.89      0.00      0.93      0.45      0.89      1.00      
烟绯|流浪乐章|乐团4|攻火暴              0.00      0.38      0.00      0.00      0.85      0.00      0.37      0.43      0.88      1.00      
可莉|四风原典|魔女4|攻火暴              0.00      0.32      0.00      0.00      0.88      0.00      1.00      0.00      0.87      0.98      
可莉|流浪乐章|魔女4|攻火暴              0.00      0.35      0.00      0.00      0.87      0.00      0.38      0.00      0.88      1.00      
迪卢克|狼的末路|魔女4|精火暴            0.00      0.27      0.00      0.00      0.77      0.00      0.62      0.39      0.85      1.00      
迪卢克|螭骨剑|魔女4|攻火暴              0.00      0.34      0.00      0.00      0.87      0.00      1.00      0.44      0.86      0.93      
辛焱|无工之剑|2苍白2骑士|攻物暴         0.00      0.20      0.00      0.00      0.51      0.00      0.00      0.25      0.77      1.00      
辛焱|白影剑|2苍白2骑士|攻物暴           0.00      0.29      0.00      0.00      0.65      0.00      0.00      0.33      0.77      1.00      
辛焱|祭礼大剑|千岩4|防防防              0.00      0.00      0.40      0.00      0.00      1.00      0.00      0.00      0.00      0.00      
辛焱|白影剑|千岩4|防防防                0.00      0.00      0.40      0.00      0.00      1.00      0.00      0.00      0.00      0.00      
安柏|终末嗟叹之诗|宗室4|攻火暴          0.00      0.24      0.00      0.00      0.59      0.00      0.00      0.30      0.77      1.00      
安柏|阿莫斯之弓|乐团4|攻火暴            0.00      0.23      0.00      0.00      0.57      0.00      0.73      0.00      0.77      1.00      
香菱|天空之脊|旗印4|充火暴              0.00      0.00      0.00      0.00      0.00      0.00      0.85      0.51      0.80      1.00      
香菱|天空之脊|旗印4|精火暴              0.00      0.00      0.00      0.00      0.00      0.00      0.56      0.66      0.80      1.00      
香菱|渔获|旗印4|充火暴                  0.00      0.00      0.00      0.00      0.00      0.00      0.86      0.50      0.90      1.00      
香菱|渔获|旗印4|精火暴                  0.00      0.00      0.00      0.00      0.00      0.00      0.57      0.64      0.90      1.00      
班尼特|风鹰剑|宗室4|充火暴              0.00      0.19      0.00      0.00      0.51      0.00      1.00      0.55      0.77      0.99      
班尼特|天空之刃|宗室4|充火暴            0.00      0.22      0.00      0.00      0.53      0.00      1.00      0.43      0.77      0.98      
班尼特|风鹰剑|少女4|充生治              0.39      0.00      0.00      0.94      0.00      0.00      0.00      1.00      0.00      0.00      
班尼特|天空之刃|少女4|充生治            0.41      0.00      0.00      1.00      0.00      0.00      0.00      0.83      0.00      0.00      
神里绫人|波乱月白经津|回响4|攻水暴      0.06      0.29      0.00      0.15      0.78      0.00      0.00      0.00      1.00      0.94      
神里绫人|磐岩结绿|沉沦4|攻水暴          0.13      0.25      0.00      0.34      0.62      0.00      0.00      0.00      1.00      0.83      
神里绫人|黑剑|回响4|攻水暴              0.06      0.32      0.00      0.17      0.77      0.00      0.00      0.00      1.00      1.00      
珊瑚宫心海|不灭月华|海染4|生水治        0.38      0.10      0.00      1.00      0.26      0.00      0.00      0.50      0.00      0.00      
珊瑚宫心海|试做金珀|海染4|生水治        0.38      0.12      0.00      1.00      0.26      0.00      0.00      0.50      0.00      0.00      
珊瑚宫心海|讨龙英杰谭|千岩4|生生治      0.38      0.00      0.00      1.00      0.00      0.00      0.00      0.00      0.00      0.00      
珊瑚宫心海|试做金珀|千岩4|生生治        0.38      0.00      0.00      1.00      0.00      0.00      0.00      0.00      0.00      0.00      
达达利亚|冬极百星|2沉沦2角斗|攻水暴     0.00      0.00      0.00      0.00      0.00      0.00      1.00      0.00      0.77      0.86      
达达利亚|天空之翼|2沉沦2角斗|攻水暴     0.00      0.25      0.00      0.00      0.73      0.00      1.00      0.36      0.77      0.87      
达达利亚|弓藏|2沉沦2角斗|攻水暴         0.00      0.25      0.00      0.00      0.60      0.00      1.00      0.30      0.77      0.99      
行秋|祭礼剑|2沉沦2宗室|攻水暴           0.00      0.34      0.00      0.00      0.67      0.00      0.00      0.61      0.77      1.00      
行秋|磐岩结绿|旗印4|充水暴              0.07      0.40      0.00      0.15      0.89      0.00      0.00      0.70      0.97      1.00      
莫娜|流浪乐章|旗印4|攻水暴              0.00      0.32      0.00      0.00      0.76      0.00      1.00      0.30      0.77      0.88      
莫娜|讨龙英杰谭|宗室4|充水暴            0.00      0.46      0.00      0.00      0.94      0.00      0.00      0.26      0.77      1.00      
莫娜|试做金珀|宗室4|充水暴              0.00      0.41      0.00      0.00      0.98      0.00      0.00      0.26      0.77      1.00      
芭芭拉|不灭月华|少女4|生生治            0.52      0.00      0.00      1.00      0.00      0.00      0.00      0.50      0.00      0.00      
芭芭拉|讨龙英杰谭|少女4|生生治          0.52      0.00      0.00      1.00      0.00      0.00      0.00      0.50      0.00      0.00      
芭芭拉|试做金珀|少女4|生生治            0.52      0.00      0.00      1.00      0.00      0.00      0.00      0.50      0.00      0.00      
早柚|狼的末路|翠绿4|精攻治              0.00      0.39      0.00      0.00      1.00      0.00      0.00      0.50      0.00      0.00      
早柚|西风大剑|翠绿4|精攻治              0.00      0.48      0.00      0.00      1.00      0.00      0.00      0.50      0.00      0.00      
枫原万叶|苍古自由之誓|翠绿4|精精精      0.00      0.00      0.00      0.00      0.00      0.00      1.00      0.00      0.00      0.00      
枫原万叶|铁蜂刺|翠绿4|精精精            0.00      0.00      0.00      0.00      0.00      0.00      1.00      0.00      0.00      0.00      
魈|和璞鸢|辰砂4|攻风暴                  0.00      0.24      0.00      0.00      0.74      0.00      0.00      0.37      0.93      1.00      
魈|护摩之杖|辰砂4|攻风暴                0.03      0.26      0.00      0.08      0.76      0.00      0.00      0.38      1.00      0.94      
魈|决斗之枪|辰砂4|攻风暴                0.00      0.30      0.00      0.00      0.72      0.00      0.00      0.36      1.00      0.90      
温迪|终末嗟叹之诗|翠绿4|精精精          0.00      0.00      0.00      0.00      0.00      0.00      0.73      1.00      0.00      0.00      
温迪|西风猎弓|翠绿4|精精精              0.00      0.00      0.00      0.00      0.00      0.00      0.94      1.00      0.00      0.00      
温迪|绝弦|翠绿4|充精精                  0.00      0.00      0.00      0.00      0.00      0.00      0.93      1.00      0.00      0.00      
琴|腐殖之剑|2翠绿2角斗|攻攻治           0.00      0.45      0.00      0.00      1.00      0.00      0.00      0.77      0.00      0.00      
琴|西风剑|2翠绿2角斗|攻攻治             0.00      0.48      0.00      0.00      1.00      0.00      0.00      0.72      0.00      0.00      
琴|风鹰剑|2翠绿2角斗|充攻治             0.00      0.37      0.00      0.00      1.00      0.00      0.00      0.64      0.00      0.00      
砂糖|祭礼残章|翠绿4|充精精              0.00      0.00      0.00      0.00      0.00      0.00      1.00      0.00      0.00      0.00      
砂糖|试做金珀|翠绿4|充精精              0.00      0.00      0.00      0.00      0.00      0.00      1.00      0.00      0.00      0.00      
砂糖|讨龙英杰谭|翠绿4|充精精            0.00      0.00      0.00      0.00      0.00      0.00      1.00      0.00      0.00      0.00      
空/荧（风）|西风剑|翠绿4|精精精         0.00      0.00      0.00      0.00      0.00      0.00      1.00      0.00      0.00      0.00      
八重神子|神乐之真意|平雷4|攻雷暴        0.00      0.34      0.00      0.00      0.96      0.00      0.50      0.00      1.00      0.94      
八重神子|天空之卷|平雷4|攻雷暴          0.00      0.25      0.00      0.00      0.75      0.00      0.56      0.00      0.85      1.00      
八重神子|匣里日月|平雷4|攻雷暴          0.00      0.38      0.00      0.00      0.97      0.00      0.55      0.00      1.00      1.00      
八重神子|流浪乐章|平雷4|攻雷暴          0.00      0.22      0.00      0.00      0.56      0.00      0.64      0.00      1.00      1.00      
雷电将军|薙草之稻光|旗印4|充雷暴        0.00      0.00      0.00      0.00      0.00      0.00      0.00      0.47      0.77      1.00      
雷电将军|渔获|旗印4|充攻暴              0.00      0.32      0.00      0.00      0.82      0.00      0.00      0.43      0.90      1.00      
九条裟罗|天空之翼|旗印4|充雷暴          0.00      0.00      0.00      0.00      0.00      0.00      0.00      0.39      1.00      0.98      
九条裟罗|祭礼弓|旗印4|充雷暴            0.00      0.00      0.00      0.00      0.00      0.00      0.00      0.29      0.77      1.00      
刻晴|雾切之回光|2如雷2角斗|攻雷暴       0.00      0.29      0.00      0.00      0.86      0.00      0.00      0.00      1.00      0.94      
刻晴|磐岩结绿|2如雷2角斗|攻雷暴         0.00      0.27      0.00      0.00      0.69      0.00      0.00      0.00      1.00      0.76      
刻晴|匣里龙吟|2如雷2角斗|攻雷暴         0.00      0.28      0.00      0.00      0.70      0.00      0.00      0.00      1.00      1.00      
雷泽|螭骨剑|角斗4|攻物暴                0.00      0.35      0.00      0.00      0.79      0.00      0.00      0.39      0.88      1.00      
雷泽|狼的末路|角斗4|攻物暴              0.00      0.22      0.00      0.00      0.55      0.00      0.00      0.27      0.77      1.00      
菲谢尔|绝弦|2如雷2角斗|攻雷暴           0.00      0.28      0.00      0.00      0.64      0.00      0.00      0.00      0.77      1.00      
菲谢尔|天空之翼|2如雷2角斗|攻雷暴       0.00      0.27      0.00      0.00      0.75      0.00      0.00      0.00      0.89      1.00      
丽莎|四风原典|2如雷2角斗|攻雷暴         0.00      0.33      0.00      0.00      0.82      0.00      0.00      0.00      0.89      1.00      
丽莎|流浪乐章|宗室4|攻雷暴              0.00      0.25      0.00      0.00      0.55      0.00      0.00      0.27      0.88      1.00      
北斗|狼的末路|旗印4|充雷暴              0.00      0.23      0.00      0.00      0.58      0.00      0.00      0.29      0.77      1.00      
北斗|螭骨剑|旗印4|充攻暴                0.00      0.32      0.00      0.00      0.70      0.00      0.00      0.32      0.88      1.00      
空/荧（雷）|西风剑|旗印4|充雷暴         0.00      0.00      0.00      0.00      0.00      0.00      0.00      1.00      0.00      0.00      
申鹤|息灾|2角斗2追忆|攻攻攻             0.00      0.32      0.00      0.00      1.00      0.00      0.00      0.72      0.00      0.00      
申鹤|薙草之稻光|2角斗2追忆|攻攻攻       0.00      0.37      0.00      0.00      1.00      0.00      0.00      0.59      0.00      0.00      
申鹤|天空之脊|2角斗2追忆|攻攻攻         0.00      0.34      0.00      0.00      1.00      0.00      0.00      0.58      0.00      0.00      
申鹤|西风长枪|2角斗2追忆|攻攻攻         0.00      0.38      0.00      0.00      1.00      0.00      0.00      0.60      0.00      0.00      
神里绫华|雾切之回光|冰风4|攻冰暴        0.00      0.18      0.00      0.00      0.54      0.00      0.00      0.27      1.00      0.42      
神里绫华|天目影打刀|冰风4|攻冰暴        0.00      0.19      0.00      0.00      0.46      0.00      0.00      0.23      1.00      0.53      
优菈|松籁响起之时|苍白4|攻物暴          0.00      0.24      0.00      0.00      0.78      0.00      0.00      0.39      1.00      1.00      
优菈|狼的末路|苍白4|攻物暴              0.00      0.24      0.00      0.00      0.67      0.00      0.00      0.34      1.00      1.00      
优菈|螭骨剑|苍白4|攻物暴                0.00      0.35      0.00      0.00      0.89      0.00      0.00      0.45      1.00      0.91      
甘雨|阿莫斯之弓|冰风4|攻冰暴            0.00      0.14      0.00      0.00      0.40      0.00      0.00      0.00      1.00      0.42      
甘雨|破魔之弓|冰风4|攻冰暴              0.00      0.16      0.00      0.00      0.38      0.00      0.00      0.00      1.00      0.42      
甘雨|试做澹月|冰风4|攻冰暴              0.00      0.13      0.00      0.00      0.33      0.00      0.00      0.00      1.00      0.42      
甘雨|阿莫斯之弓|乐团4|攻冰暴            0.00      0.22      0.00      0.00      0.63      0.00      0.00      0.00      1.00      0.80      
甘雨|破魔之弓|乐团4|攻冰暴              0.00      0.26      0.00      0.00      0.61      0.00      0.00      0.00      1.00      0.80      
甘雨|试做澹月|乐团4|攻冰暴              0.00      0.21      0.00      0.00      0.53      0.00      0.00      0.00      1.00      0.80      
凯亚|西风剑|旗印4|攻冰暴                0.00      0.39      0.00      0.00      0.79      0.00      0.00      0.26      0.93      1.00      
凯亚|磐岩结绿|旗印4|充冰暴              0.00      0.42      0.00      0.00      0.96      0.00      0.00      0.30      1.00      0.93      
重云|狼的末路|2冰风2宗室|攻冰暴         0.00      0.23      0.00      0.00      0.57      0.00      0.00      0.29      0.93      1.00      
重云|螭骨剑|2冰风2宗室|攻冰暴           0.00      0.36      0.00      0.00      0.79      0.00      0.00      0.39      1.00      0.97      
七七|祭礼剑|海染4|攻攻治                0.00      0.45      0.00      0.00      1.00      0.00      0.00      0.50      0.00      0.00      
七七|风鹰剑|海染4|攻攻治                0.00      0.35      0.00      0.00      1.00      0.00      0.00      0.50      0.00      0.00      
七七|笛剑|海染4|攻攻治                  0.00      0.42      0.00      0.00      1.00      0.00      0.00      0.50      0.00      0.00      
迪奥娜|祭礼弓|2少女2千岩|生生生         0.54      0.00      0.00      1.00      0.00      0.00      0.00      0.00      0.00      0.00      
罗莎莉亚|西风长枪|宗室4|攻冰暴          0.00      0.26      0.00      0.00      0.63      0.00      0.00      0.32      0.59      1.00      
埃洛伊|西风猎弓|2冰风2角斗|攻冰暴       0.00      0.36      0.00      0.00      0.74      0.00      0.00      0.37      0.93      1.00      
荒泷一斗|赤角石溃杵|华馆4|防岩暴        0.00      0.13      0.00      0.00      0.30      0.00      0.00      0.15      1.00      0.83      
荒泷一斗|螭骨剑|华馆4|防岩暴            0.00      0.17      0.00      0.00      0.38      0.00      0.00      0.19      1.00      1.00      
荒泷一斗|白影剑|华馆4|防岩暴            0.00      0.00      0.00      0.00      0.00      0.00      0.00      0.00      0.85      1.00      
五郎|西风猎弓|流放4|充岩暴              0.00      0.00      0.00      0.00      0.00      0.00      0.00      1.00      0.00      0.00      
阿贝多|辰砂之纺锤|华馆4|防岩暴          0.00      0.00      0.24      0.00      0.00      0.65      0.00      0.00      0.77      1.00      
阿贝多|辰砂之纺锤|磐岩4|防岩暴          0.00      0.00      0.28      0.00      0.00      0.78      0.00      0.00      0.77      1.00      
阿贝多|辰砂之纺锤|千岩4|防岩暴          0.00      0.00      0.28      0.00      0.00      0.78      0.00      0.00      0.77      1.00      
钟离|黑缨枪|千岩4|生生生                0.35      0.00      0.00      1.00      0.00      0.00      0.00      0.00      0.00      0.00      
钟离|护摩之杖|千岩4|生生生              0.11      0.15      0.00      0.31      0.38      0.00      0.00      0.19      0.78      1.00      
钟离|护摩之杖|2磐岩2宗室|生岩暴         0.15      0.22      0.00      0.44      0.57      0.00      0.00      0.29      0.89      1.00      
诺艾尔|赤角石溃杵|华馆4|防岩暴          0.00      0.13      0.00      0.00      0.28      0.00      0.00      0.14      1.00      0.85      
诺艾尔|螭骨剑|华馆4|防岩暴              0.00      0.15      0.00      0.00      0.32      0.00      0.00      0.16      0.88      1.00      
诺艾尔|白影剑|华馆4|防岩暴              0.00      0.00      0.00      0.00      0.00      0.00      0.00      0.00      0.77      1.00      
凝光|四风原典|2磐岩2角斗|攻岩暴         0.00      0.18      0.00      0.00      0.45      0.00      0.00      0.23      1.00      0.49      
凝光|尘世之锁|2磐岩2角斗|攻岩暴         0.00      0.00      0.00      0.00      0.00      0.00      0.00      0.00      1.00      0.49      
凝光|流浪乐章|2磐岩2角斗|攻岩暴         0.00      0.19      0.00      0.00      0.42      0.00      0.00      0.21      1.00      0.44      
空/荧（岩）|雾切之回光|2磐岩2角斗|攻岩暴 0.00      0.27      0.00      0.00      0.72      0.00      0.00      0.36      0.86      1.00      
空/荧（岩）|磐岩结绿|2磐岩2角斗|攻岩暴  0.00      0.31      0.00      0.00      0.69      0.00      0.00      0.35      0.97      1.00      
空/荧（岩）|黑剑|2磐岩2角斗|攻岩暴      0.00      0.33      0.00      0.00      0.71      0.00      0.00      0.36      0.88      1.00      
云堇|薙草之稻光|华馆4|防防防            0.00      0.00      0.43      0.00      0.00      1.00      0.00      0.35      0.00      0.00      
云堇|天空之脊|华馆4|防防防              0.00      0.00      0.43      0.00      0.00      1.00      0.00      0.37      0.00      0.00      
云堇|西风长枪|华馆4|防防暴              0.00      0.00      0.43      0.00      0.00      1.00      0.00      0.35      0.00      0.00      
